IMAGEDATA
0 255 0 0 255 0 0 255 0 0 255 0 0 255 0 0 255 0 0 255 0 0 255 0 0 255 0 0 255 0 0 255 0 0 255 0 0 255 0 0 255 0 0 255 0 0 255 0 0 255 0 0 255 0 0 255 0 0 255 0 0 255 0 0 255 0 0 255 0 0 255 0 0 255 0 0 255 0 0 255 0 0 255 0 0 255 0 0 255 0 128 128 8 255 0 0 255 0 0 255 0 0 255 0 0 255 0 0 255 0 0 255 0 0 255 0 0 255 0 0 255 0 0 255 0 0 255 0 0 255 0 0 255 0 0 255 0 0 255 0 0 255 0 0 255 0 0 255 0 0 255 0 0 255 0 0 255 0 0 255 0 0 255 0 0 255 0 0 255 0 0 255 0 0 255 0 0 255 0 0 255 0 0 255 0 0 255 0 0 255 0 0 
0 255 0 0 255 0 0 255 0 0 255 0 0 255 0 0 255 0 0 255 0 0 255 0 0 255 0 0 255 0 0 255 0 0 255 0 0 255 0 0 255 0 0 255 0 0 255 0 0 255 0 0 255 0 0 255 0 0 255 0 0 255 0 0 255 0 0 255 0 0 255 0 0 255 0 0 255 0 0 255 0 0 255 0 0 255 0 0 255 0 128 128 8 255 0 0 255 0 0 255 0 0 255 0 0 255 0 0 255 0 0 255 0 0 255 0 0 255 0 0 255 0 0 255 0 0 255 0 0 255 0 0 255 0 0 255 0 0 255 0 0 255 0 0 255 0 0 255 0 0 255 0 0 255 0 0 255 0 0 255 0 0 255 0 0 255 0 0 255 0 0 255 0 0 255 0 0 255 0 0 255 0 0 255 0 0 255 0 0 255 0 0 
0 255 0 0 255 0 0 255 0 0 255 0 0 255 0 0 255 0 0 255 0 0 255 0 0 255 0 0 255 0 0 255 0 0 255 0 0 255 0 0 255 0 0 255 0 0 255 0 0 255 0 0 255 0 0 255 0 0 255 0 0 255 0 0 255 0 0 255 0 0 255 0 0 255 0 0 255 0 0 255 0 0 255 0 0 255 0 0 255 0 128 128 8 255 0 0 255 0 0 255 0 0 255 0 0 255 0 0 255 0 0 255 0 0 255 0 0 255 0 0 255 0 0 255 0 0 255 0 0 255 0 0 255 0 0 255 0 0 255 0 0 255 0 0 255 0 0 255 0 0 255 0 0 255 0 0 255 0 0 255 0 0 255 0 0 255 0 0 255 0 0 255 0 0 255 0 0 255 0 0 255 0 0 255 0 0 255 0 0 255 0 0 
0 255 0 0 255 0 0 255 0 0 255 0 0 255 0 0 255 0 0 255 0 0 255 0 0 255 0 0 255 0 0 255 0 0 255 0 0 255 0 0 255 0 0 255 0 0 255 0 0 255 0 0 255 0 0 255 0 0 255 0 0 255 0 0 255 0 0 255 0 0 255 0 0 255 0 0 255 0 0 255 0 0 255 0 0 255 0 0 255 0 128 128 8 255 0 0 255 0 0 255 0 0 255 0 0 255 0 0 255 0 0 255 0 0 255 0 0 255 0 0 255 0 0 255 0 0 255 0 0 255 0 0 255 0 0 255 0 0 255 0 0 255 0 0 255 0 0 255 0 0 255 0 0 255 0 0 255 0 0 255 0 0 255 0 0 255 0 0 255 0 0 255 0 0 255 0 0 255 0 0 255 0 0 255 0 0 255 0 0 255 0 0 
0 255 0 0 255 0 0 255 0 0 255 0 0 255 0 0 255 0 0 255 0 0 255 0 0 255 0 0 255 0 0 255 0 0 255 0 0 255 0 0 255 0 0 255 0 0 255 0 0 255 0 0 255 0 0 255 0 0 255 0 0 255 0 0 255 0 0 255 0 0 255 0 0 255 0 0 255 0 0 255 0 0 255 0 0 255 0 0 255 0 128 128 8 255 0 0 255 0 0 255 0 0 255 0 0 255 0 0 255 0 0 255 0 0 255 0 0 255 0 0 255 0 0 255 0 0 255 0 0 255 0 0 255 0 0 255 0 0 255 0 0 255 0 0 255 0 0 255 0 0 255 0 0 255 0 0 255 0 0 255 0 0 255 0 0 255 0 0 255 0 0 255 0 0 255 0 0 255 0 0 255 0 0 255 0 0 255 0 0 255 0 0 
0 255 0 0 255 0 0 255 0 0 255 0 0 255 0 0 255 0 0 255 0 0 255 0 0 255 0 0 255 0 0 255 0 0 255 0 0 255 0 0 255 0 0 255 0 0 255 0 0 255 0 0 255 0 0 255 0 0 255 0 0 255 0 0 255 0 0 255 0 0 255 0 0 255 0 0 255 0 0 255 0 0 255 0 0 255 0 0 255 0 0 255 0 128 128 8 255 0 0 255 0 0 255 0 0 255 0 0 255 0 0 255 0 0 255 0 0 255 0 0 255 0 0 255 0 0 255 0 0 255 0 0 255 0 0 255 0 0 255 0 0 255 0 0 255 0 0 255 0 0 255 0 0 255 0 0 255 0 0 255 0 0 255 0 0 255 0 0 255 0 0 255 0 0 255 0 0 255 0 0 255 0 0 255 0 0 255 0 0 255 0 0 
0 255 0 0 255 0 0 255 0 0 255 0 0 255 0 0 255 0 0 255 0 0 255 0 0 255 0 0 255 0 0 255 0 0 255 0 0 255 0 0 255 0 0 255 0 0 255 0 0 255 0 0 255 0 0 255 0 0 255 0 0 255 0 0 255 0 0 255 0 0 255 0 0 255 0 0 255 0 0 255 0 0 255 0 0 255 0 0 255 0 0 255 0 128 128 8 255 0 0 255 0 0 255 0 0 255 0 0 255 0 0 255 0 0 255 0 0 255 0 0 255 0 0 255 0 0 255 0 0 255 0 0 255 0 0 255 0 0 255 0 0 255 0 0 255 0 0 255 0 0 255 0 0 255 0 0 255 0 0 255 0 0 255 0 0 255 0 0 255 0 0 255 0 0 255 0 0 255 0 0 255 0 0 255 0 0 255 0 0 255 0 0 
0 255 0 0 255 0 0 255 0 0 255 0 0 255 0 0 255 0 0 255 0 0 255 0 0 255 0 0 255 0 0 255 0 0 255 0 0 255 0 0 255 0 0 255 0 0 255 0 0 255 0 0 255 0 0 255 0 0 255 0 0 255 0 0 255 0 0 255 0 0 255 0 0 255 0 0 255 0 0 255 0 0 255 0 0 255 0 0 255 0 0 255 0 128 128 8 255 0 0 255 0 0 255 0 0 255 0 0 255 0 0 255 0 0 255 0 0 255 0 0 255 0 0 255 0 0 255 0 0 255 0 0 255 0 0 255 0 0 255 0 0 255 0 0 255 0 0 255 0 0 255 0 0 255 0 0 255 0 0 255 0 0 255 0 0 255 0 0 255 0 0 255 0 0 255 0 0 255 0 0 255 0 0 255 0 0 255 0 0 255 0 0 
0 255 0 0 255 0 0 255 0 0 255 0 0 255 0 0 255 0 0 255 0 0 255 0 0 255 0 0 255 0 0 255 0 0 255 0 0 255 0 0 255 0 0 255 0 0 255 0 0 255 0 0 255 0 0 255 0 0 255 0 0 255 0 0 255 0 0 255 0 0 255 0 0 255 0 0 255 0 0 255 0 0 255 0 0 255 0 0 255 0 0 255 0 128 128 8 128 128 8 255 0 0 255 0 0 255 0 0 255 0 0 255 0 0 255 0 0 255 0 0 255 0 0 255 0 0 255 0 0 255 0 0 255 0 0 255 0 0 255 0 0 255 0 0 255 0 0 255 0 0 255 0 0 255 0 0 255 0 0 255 0 0 255 0 0 255 0 0 255 0 0 255 0 0 255 0 0 255 0 0 255 0 0 255 0 0 255 0 0 255 0 0 
0 255 0 0 255 0 0 255 0 0 255 0 0 255 0 0 255 0 0 255 0 0 255 0 0 255 0 0 255 0 0 255 0 0 255 0 0 255 0 0 255 0 0 255 0 0 255 0 0 255 0 0 255 0 0 255 0 0 255 0 0 255 0 0 255 0 0 255 0 0 255 0 0 255 0 0 255 0 0 255 0 0 255 0 0 255 0 0 255 0 0 255 0 0 255 0 0 255 0 128 128 8 255 0 0 255 0 0 255 0 0 255 0 0 255 0 0 255 0 0 255 0 0 255 0 0 255 0 0 255 0 0 255 0 0 255 0 0 255 0 0 255 0 0 255 0 0 255 0 0 255 0 0 255 0 0 255 0 0 255 0 0 255 0 0 255 0 0 255 0 0 255 0 0 255 0 0 255 0 0 255 0 0 255 0 0 255 0 0 255 0 0 
0 255 0 0 255 0 0 255 0 0 255 0 0 255 0 0 255 0 0 255 0 0 255 0 0 255 0 0 255 0 0 255 0 0 255 0 0 255 0 0 255 0 0 255 0 0 255 0 0 255 0 0 255 0 0 255 0 0 255 0 0 255 0 0 255 0 0 255 0 0 255 0 0 255 0 0 255 0 0 255 0 0 255 0 0 255 0 0 255 0 0 255 0 0 255 0 0 255 0 0 255 0 128 128 8 255 0 0 255 0 0 255 0 0 255 0 0 255 0 0 255 0 0 255 0 0 255 0 0 255 0 0 255 0 0 255 0 0 255 0 0 255 0 0 255 0 0 255 0 0 255 0 0 255 0 0 255 0 0 255 0 0 255 0 0 255 0 0 255 0 0 255 0 0 255 0 0 255 0 0 255 0 0 255 0 0 255 0 0 255 0 0 
0 255 0 0 255 0 0 255 0 0 255 0 0 255 0 0 255 0 0 255 0 0 255 0 0 255 0 0 255 0 0 255 0 0 255 0 0 255 0 0 255 0 0 255 0 0 255 0 0 255 0 0 255 0 0 255 0 0 255 0 0 255 0 0 255 0 0 255 0 0 255 0 0 255 0 0 255 0 0 255 0 0 255 0 0 255 0 0 255 0 0 255 0 0 255 0 0 255 0 0 255 0 128 128 8 128 128 8 255 0 0 255 0 0 255 0 0 255 0 0 255 0 0 255 0 0 255 0 0 255 0 0 255 0 0 255 0 0 255 0 0 255 0 0 255 0 0 255 0 0 255 0 0 255 0 0 255 0 0 255 0 0 255 0 0 255 0 0 255 0 0 255 0 0 255 0 0 255 0 0 255 0 0 255 0 0 255 0 0 255 0 0 
0 255 0 0 255 0 0 255 0 0 255 0 0 255 0 0 255 0 0 255 0 0 255 0 0 255 0 0 255 0 0 255 0 0 255 0 0 255 0 0 255 0 0 255 0 0 255 0 0 255 0 0 255 0 0 255 0 0 255 0 0 255 0 0 255 0 0 255 0 0 255 0 0 255 0 0 255 0 0 255 0 0 255 0 0 255 0 0 255 0 0 255 0 0 255 0 0 255 0 0 255 0 0 255 0 0 255 0 128 128 8 128 128 8 255 0 0 255 0 0 255 0 0 255 0 0 255 0 0 255 0 0 255 0 0 255 0 0 255 0 0 255 0 0 255 0 0 255 0 0 255 0 0 255 0 0 255 0 0 255 0 0 255 0 0 255 0 0 255 0 0 255 0 0 255 0 0 255 0 0 255 0 0 255 0 0 255 0 0 255 0 0 
0 255 0 0 255 0 0 255 0 0 255 0 0 255 0 0 255 0 0 255 0 0 255 0 0 255 0 0 255 0 0 255 0 0 255 0 0 255 0 0 255 0 0 255 0 0 255 0 0 255 0 0 255 0 0 255 0 0 255 0 0 255 0 0 255 0 0 255 0 0 255 0 0 255 0 0 255 0 0 255 0 0 255 0 0 255 0 0 255 0 0 255 0 0 255 0 0 255 0 0 255 0 0 255 0 0 255 0 0 255 0 0 255 0 128 128 8 255 0 0 255 0 0 255 0 0 255 0 0 255 0 0 255 0 0 255 0 0 255 0 0 255 0 0 255 0 0 255 0 0 255 0 0 255 0 0 255 0 0 255 0 0 255 0 0 255 0 0 255 0 0 255 0 0 255 0 0 255 0 0 255 0 0 255 0 0 255 0 0 255 0 0 
0 255 0 0 255 0 0 255 0 0 255 0 0 255 0 0 255 0 0 255 0 0 255 0 0 255 0 0 255 0 0 255 0 0 255 0 0 255 0 0 255 0 0 255 0 0 255 0 0 255 0 0 255 0 0 255 0 0 255 0 0 255 0 0 255 0 0 255 0 0 255 0 0 255 0 0 255 0 0 255 0 0 255 0 0 255 0 0 255 0 0 255 0 0 255 0 0 255 0 0 255 0 0 255 0 0 255 0 0 255 0 0 255 0 0 255 0 128 128 8 128 128 8 255 0 0 128 128 8 255 0 0 255 0 0 255 0 0 255 0 0 255 0 0 255 0 0 255 0 0 255 0 0 255 0 0 255 0 0 255 0 0 255 0 0 255 0 0 255 0 0 255 0 0 255 0 0 255 0 0 255 0 0 255 0 0 255 0 0 255 0 0 
0 255 0 0 255 0 0 255 0 0 255 0 0 255 0 0 255 0 0 255 0 0 255 0 0 255 0 0 255 0 0 255 0 0 255 0 0 255 0 0 255 0 0 255 0 0 255 0 0 255 0 0 255 0 0 255 0 0 255 0 0 255 0 0 255 0 0 255 0 0 255 0 0 255 0 0 255 0 0 255 0 0 255 0 0 255 0 0 255 0 0 255 0 0 255 0 0 255 0 0 255 0 0 255 0 0 255 0 0 255 0 0 255 0 0 255 0 0 255 0 128 128 8 255 0 0 128 128 8 255 0 0 255 0 0 255 0 0 255 0 0 255 0 0 255 0 0 255 0 0 255 0 0 255 0 0 255 0 0 255 0 0 255 0 0 255 0 0 255 0 0 255 0 0 255 0 0 255 0 0 255 0 0 255 0 0 255 0 0 255 0 0 
0 255 0 0 255 0 0 255 0 0 255 0 0 255 0 0 255 0 0 255 0 0 255 0 0 255 0 0 255 0 0 255 0 0 255 0 0 255 0 0 255 0 0 255 0 0 255 0 0 255 0 0 255 0 0 255 0 0 255 0 0 255 0 0 255 0 0 255 0 0 255 0 0 255 0 0 255 0 0 255 0 0 255 0 0 255 0 0 255 0 0 255 0 0 255 0 0 255 0 0 255 0 0 255 0 0 255 0 0 255 0 0 255 0 0 255 0 0 255 0 128 128 8 128 128 8 128 128 8 128 128 8 255 0 0 255 0 0 255 0 0 255 0 0 255 0 0 255 0 0 255 0 0 255 0 0 255 0 0 255 0 0 255 0 0 255 0 0 255 0 0 255 0 0 255 0 0 255 0 0 255 0 0 255 0 0 255 0 0 255 0 0 
0 255 0 0 255 0 0 255 0 0 255 0 0 255 0 0 255 0 0 255 0 0 255 0 0 255 0 0 255 0 0 255 0 0 255 0 0 255 0 0 255 0 0 255 0 0 255 0 0 255 0 0 255 0 0 255 0 0 255 0 0 255 0 0 255 0 0 255 0 0 255 0 0 255 0 0 255 0 0 255 0 0 255 0 0 255 0 0 255 0 0 255 0 0 255 0 0 255 0 0 255 0 0 255 0 0 255 0 0 255 0 0 255 0 0 255 0 0 255 0 128 128 8 128 128 8 255 255 0 128 128 8 128 128 8 128 128 8 128 128 8 128 128 8 128 128 8 128 128 8 128 128 8 128 128 8 255 0 0 255 0 0 255 0 0 255 0 0 255 0 0 255 0 0 255 0 0 255 0 0 255 0 0 255 0 0 255 0 0 255 0 0 
0 255 0 0 255 0 0 255 0 0 255 0 0 255 0 0 255 0 0 255 0 0 255 0 0 255 0 0 255 0 0 255 0 0 255 0 0 255 0 0 255 0 0 255 0 0 255 0 0 255 0 0 255 0 0 255 0 0 255 0 0 255 0 0 255 0 0 255 0 0 255 0 0 255 0 0 255 0 0 255 0 0 255 0 0 255 0 0 255 0 0 255 0 0 255 0 0 255 0 0 255 0 0 255 0 0 255 0 0 255 0 0 255 0 0 255 0 128 128 8 128 128 8 255 255 0 255 255 0 255 255 0 255 255 0 255 255 0 255 255 0 255 255 0 255 255 0 255 255 0 255 255 0 128 128 8 128 128 8 255 0 0 255 0 0 255 0 0 255 0 0 255 0 0 255 0 0 255 0 0 255 0 0 255 0 0 255 0 0 255 0 0 
0 255 0 0 255 0 0 255 0 0 255 0 0 255 0 0 255 0 0 255 0 0 255 0 0 255 0 0 255 0 0 255 0 0 255 0 0 255 0 0 255 0 0 255 0 0 255 0 0 255 0 0 255 0 0 255 0 0 255 0 0 255 0 0 255 0 0 255 0 0 255 0 0 255 0 0 255 0 0 255 0 0 255 0 0 255 0 0 255 0 0 255 0 0 255 0 0 255 0 0 255 0 0 255 0 0 255 0 0 255 0 0 255 0 128 128 8 128 128 8 255 255 0 255 255 0 255 255 0 255 255 0 255 255 0 255 255 0 255 255 0 255 255 0 255 255 0 255 255 0 255 255 0 255 255 0 128 128 8 128 128 8 255 0 0 255 0 0 255 0 0 255 0 0 255 0 0 255 0 0 255 0 0 255 0 0 255 0 0 255 0 0 
128 128 8 128 128 8 128 128 8 128 128 8 128 128 8 0 255 0 0 255 0 0 255 0 0 255 0 0 255 0 0 255 0 0 255 0 0 255 0 0 255 0 0 255 0 0 255 0 0 255 0 0 255 0 0 255 0 0 255 0 0 255 0 0 255 0 0 255 0 0 255 0 0 255 0 0 255 0 0 255 0 0 255 0 0 255 0 0 255 0 0 255 0 0 255 0 0 255 0 0 255 0 0 255 0 0 255 0 0 255 0 128 128 8 128 128 8 255 255 0 255 255 0 255 255 0 255 255 0 255 255 0 255 255 0 255 255 0 255 255 0 255 255 0 255 255 0 255 255 0 255 255 0 255 255 0 255 255 0 255 255 0 128 128 8 255 0 0 255 0 0 255 0 0 255 0 0 255 0 0 255 0 0 255 0 0 255 0 0 255 0 0 
128 128 8 255 255 255 255 255 255 255 255 255 128 128 8 128 128 8 128 128 8 128 128 8 0 255 0 0 255 0 0 255 0 0 255 0 0 255 0 0 255 0 0 255 0 0 255 0 0 255 0 0 255 0 0 255 0 0 255 0 0 255 0 0 255 0 0 255 0 0 255 0 0 255 0 0 255 0 0 255 0 0 255 0 0 255 0 0 255 0 0 255 0 0 255 0 0 255 0 0 255 0 0 255 0 0 255 0 128 128 8 128 128 8 255 255 0 255 255 0 255 255 0 255 255 0 255 255 0 255 255 0 255 255 0 255 255 0 255 255 0 255 255 0 255 255 0 255 255 0 255 255 0 255 255 0 255 255 0 255 255 0 128 128 8 255 0 0 255 0 0 255 0 0 255 0 0 255 0 0 255 0 0 255 0 0 255 0 0 255 0 0 
255 255 255 255 255 255 255 255 255 255 255 255 255 255 255 255 255 255 255 255 255 255 255 255 128 128 8 128 128 8 0 255 0 0 255 0 0 255 0 0 255 0 0 255 0 0 255 0 0 255 0 0 255 0 0 255 0 0 255 0 0 255 0 0 255 0 0 255 0 0 255 0 0 255 0 0 255 0 0 255 0 0 255 0 0 255 0 0 255 0 0 255 0 0 255 0 0 255 0 0 255 0 0 255 0 128 128 8 128 128 8 255 255 0 255 255 0 255 255 0 255 255 0 255 255 0 255 255 0 255 255 0 255 255 0 255 255 0 255 255 0 255 255 0 255 255 0 255 255 0 255 255 0 255 255 0 255 255 0 255 255 0 128 128 8 255 0 0 255 0 0 255 0 0 255 0 0 255 0 0 255 0 0 255 0 0 255 0 0 255 0 0 
255 255 255 255 255 255 255 255 255 255 255 255 255 255 255 255 255 255 255 255 255 255 255 255 255 255 255 255 255 255 128 128 8 0 255 0 0 255 0 0 255 0 0 255 0 0 255 0 0 255 0 0 255 0 0 255 0 0 255 0 0 255 0 0 255 0 0 255 0 0 255 0 0 255 0 0 255 0 0 255 0 0 255 0 0 255 0 0 255 0 0 255 0 0 255 0 0 255 0 0 255 0 0 255 0 128 128 8 255 255 0 255 255 0 255 255 0 255 255 0 255 255 0 255 255 0 255 255 0 255 255 0 255 255 0 255 255 0 255 255 0 255 255 0 255 255 0 255 255 0 255 255 0 255 255 0 255 255 0 255 255 0 128 128 8 255 0 0 255 0 0 255 0 0 255 0 0 255 0 0 255 0 0 255 0 0 255 0 0 255 0 0 
255 255 255 255 255 255 255 255 255 255 255 255 255 255 255 255 255 255 255 255 255 255 255 255 255 255 255 255 255 255 255 255 255 128 128 8 128 128 8 128 128 8 128 128 8 0 255 0 0 255 0 0 255 0 0 255 0 0 255 0 0 255 0 0 255 0 0 255 0 0 255 0 0 255 0 0 255 0 0 255 0 0 255 0 0 255 0 0 255 0 0 255 0 0 255 0 0 255 0 0 255 0 128 128 8 255 255 0 255 255 0 255 255 0 255 255 0 255 255 0 255 255 0 255 255 0 255 255 0 255 255 0 255 255 0 255 255 0 255 255 0 255 255 0 255 255 0 255 255 0 255 255 0 255 255 0 255 255 0 128 128 8 128 128 8 255 0 0 255 0 0 255 0 0 255 0 0 255 0 0 255 0 0 255 0 0 255 0 0 255 0 0 
255 255 255 255 255 255 255 255 255 255 255 255 255 255 255 255 255 255 255 255 255 255 255 255 255 255 255 255 255 255 255 255 255 255 255 255 255 255 255 255 255 255 128 128 8 128 128 8 128 128 8 0 255 0 0 255 0 0 255 0 0 255 0 0 255 0 0 255 0 0 255 0 0 255 0 0 255 0 0 255 0 0 255 0 0 255 0 0 255 0 0 255 0 0 255 0 0 255 0 128 128 8 128 128 8 255 255 0 255 255 0 255 255 0 255 255 0 255 255 0 255 255 0 255 255 0 255 255 0 255 255 0 255 255 0 255 255 0 255 255 0 255 255 0 255 255 0 255 255 0 255 255 0 255 255 0 255 255 0 128 128 8 255 0 0 255 0 0 255 0 0 255 0 0 255 0 0 255 0 0 255 0 0 255 0 0 255 0 0 255 0 0 
255 255 255 255 255 255 255 255 255 255 255 255 255 255 255 255 255 255 255 255 255 255 255 255 255 255 255 255 255 255 255 255 255 255 255 255 255 255 255 255 255 255 255 255 255 128 128 8 128 128 8 128 128 8 0 255 0 0 255 0 0 255 0 0 255 0 0 255 0 0 255 0 0 255 0 0 255 0 0 255 0 0 255 0 0 255 0 0 255 0 0 255 0 0 255 0 128 128 8 128 128 8 255 255 0 255 255 0 255 255 0 255 255 0 255 255 0 255 255 0 255 255 0 255 255 0 255 255 0 255 255 0 255 255 0 255 255 0 255 255 0 255 255 0 255 255 0 255 255 0 255 255 0 255 255 0 128 128 8 128 128 8 255 0 0 255 0 0 255 0 0 255 0 0 255 0 0 255 0 0 255 0 0 255 0 0 255 0 0 255 0 0 
255 255 255 255 255 255 255 255 255 255 255 255 255 255 255 255 255 255 255 255 255 255 255 255 255 255 255 255 255 255 255 255 255 255 255 255 255 255 255 255 255 255 255 255 255 255 255 255 128 128 8 128 128 8 128 128 8 0 255 0 0 255 0 0 255 0 0 255 0 0 255 0 0 255 0 0 255 0 0 255 0 0 255 0 0 255 0 0 255 0 0 255 0 0 255 0 128 128 8 255 255 0 255 255 0 255 255 0 255 255 0 255 255 0 255 255 0 255 255 0 255 255 0 255 255 0 255 255 0 255 255 0 255 255 0 255 255 0 255 255 0 255 255 0 255 255 0 255 255 0 255 255 0 128 128 8 128 128 8 255 0 0 255 0 0 255 0 0 255 0 0 255 0 0 255 0 0 255 0 0 255 0 0 255 0 0 255 0 0 255 0 0 
255 255 255 255 255 255 255 255 255 255 255 255 255 255 255 255 255 255 255 255 255 255 255 255 255 255 255 255 255 255 255 255 255 255 255 255 255 255 255 255 255 255 255 255 255 255 255 255 255 255 255 255 255 255 128 128 8 0 255 0 0 255 0 0 255 0 0 255 0 0 255 0 0 255 0 0 255 0 0 255 0 0 255 0 0 255 0 0 255 0 0 255 0 128 128 8 128 128 8 255 255 0 255 255 0 255 255 0 255 255 0 255 255 0 255 255 0 255 255 0 255 255 0 255 255 0 255 255 0 255 255 0 255 255 0 255 255 0 255 255 0 255 255 0 255 255 0 255 255 0 255 255 0 128 128 8 255 0 0 255 0 0 255 0 0 255 0 0 255 0 0 255 0 0 255 0 0 255 0 0 255 0 0 255 0 0 255 0 0 255 0 0 
255 255 255 255 255 255 255 255 255 255 255 255 255 255 255 255 255 255 255 255 255 255 255 255 255 255 255 255 255 255 255 255 255 255 255 255 255 255 255 255 255 255 255 255 255 255 255 255 255 255 255 255 255 255 255 255 255 128 128 8 0 255 0 0 255 0 0 255 0 0 255 0 0 255 0 0 255 0 0 255 0 0 255 0 0 255 0 0 255 0 0 255 0 128 128 8 255 255 0 255 255 0 255 255 0 255 255 0 255 255 0 255 255 0 255 255 0 255 255 0 255 255 0 255 255 0 255 255 0 255 255 0 255 255 0 255 255 0 255 255 0 255 255 0 255 255 0 255 255 0 128 128 8 255 0 0 255 0 0 255 0 0 255 0 0 255 0 0 255 0 0 255 0 0 255 0 0 255 0 0 255 0 0 255 0 0 255 0 0 255 0 0 
255 255 255 255 255 255 255 255 255 255 255 255 255 255 255 255 255 255 255 255 255 255 255 255 255 255 255 255 255 255 255 255 255 255 255 255 255 255 255 255 255 255 255 255 255 255 255 255 255 255 255 255 255 255 255 255 255 255 255 255 128 128 8 0 255 0 0 255 0 0 255 0 0 255 0 0 255 0 0 255 0 0 255 0 0 255 0 0 255 0 128 128 8 128 128 8 255 255 0 255 255 0 255 255 0 255 255 0 255 255 0 255 255 0 255 255 0 255 255 0 255 255 0 255 255 0 255 255 0 255 255 0 255 255 0 255 255 0 255 255 0 255 255 0 255 255 0 128 128 8 255 0 0 255 0 0 255 0 0 255 0 0 255 0 0 255 0 0 255 0 0 255 0 0 255 0 0 255 0 0 255 0 0 255 0 0 255 0 0 255 0 0 
255 255 255 255 255 255 255 255 255 255 255 255 255 255 255 255 255 255 255 255 255 255 255 255 255 255 255 255 255 255 255 255 255 255 255 255 255 255 255 255 255 255 255 255 255 255 255 255 255 255 255 255 255 255 255 255 255 255 255 255 255 255 255 128 128 8 0 255 0 0 255 0 0 255 0 0 255 0 0 255 0 0 255 0 0 255 0 0 255 0 128 128 8 255 255 0 255 255 0 255 255 0 255 255 0 255 255 0 255 255 0 255 255 0 255 255 0 255 255 0 255 255 0 255 255 0 255 255 0 255 255 0 255 255 0 255 255 0 255 255 0 128 128 8 128 128 8 255 0 0 255 0 0 255 0 0 255 0 0 255 0 0 255 0 0 255 0 0 255 0 0 255 0 0 255 0 0 255 0 0 255 0 0 255 0 0 255 0 0 255 0 0 
255 255 255 255 255 255 255 255 255 255 255 255 255 255 255 255 255 255 255 255 255 255 255 255 255 255 255 255 255 255 255 255 255 255 255 255 255 255 255 255 255 255 255 255 255 255 255 255 255 255 255 255 255 255 255 255 255 255 255 255 255 255 255 255 255 255 128 128 8 0 255 0 0 255 0 0 255 0 0 255 0 0 255 0 0 255 0 128 128 8 128 128 8 255 255 0 255 255 0 255 255 0 255 255 0 255 255 0 255 255 0 255 255 0 255 255 0 255 255 0 255 255 0 255 255 0 255 255 0 255 255 0 255 255 0 255 255 0 128 128 8 128 128 8 255 0 0 255 0 0 255 0 0 255 0 0 255 0 0 255 0 0 255 0 0 255 0 0 255 0 0 255 0 0 255 0 0 255 0 0 255 0 0 255 0 0 255 0 0 255 0 0 
255 255 255 255 255 255 255 255 255 255 255 255 255 255 255 255 255 255 255 255 255 255 255 255 255 255 255 255 255 255 255 255 255 255 255 255 255 255 255 255 255 255 255 255 255 255 255 255 255 255 255 255 255 255 255 255 255 255 255 255 255 255 255 255 255 255 255 255 255 128 128 8 0 255 0 0 255 0 0 255 0 0 255 0 0 255 0 128 128 8 255 255 0 255 255 0 255 255 0 255 255 0 255 255 0 255 255 0 255 255 0 255 255 0 255 255 0 255 255 0 255 255 0 255 255 0 255 255 0 255 255 0 255 255 0 128 128 8 255 0 0 255 0 0 255 0 0 255 0 0 255 0 0 255 0 0 255 0 0 255 0 0 255 0 0 255 0 0 255 0 0 255 0 0 255 0 0 255 0 0 255 0 0 255 0 0 255 0 0 255 0 0 
255 255 255 255 255 255 255 255 255 255 255 255 255 255 255 255 255 255 255 255 255 255 255 255 255 255 255 255 255 255 255 255 255 255 255 255 255 255 255 255 255 255 255 255 255 255 255 255 255 255 255 255 255 255 255 255 255 255 255 255 255 255 255 255 255 255 255 255 255 255 255 255 128 128 8 128 128 8 0 255 0 0 255 0 128 128 8 128 128 8 255 255 0 255 255 0 255 255 0 255 255 0 255 255 0 255 255 0 255 255 0 255 255 0 255 255 0 255 255 0 255 255 0 255 255 0 255 255 0 255 255 0 128 128 8 255 0 0 255 0 0 255 0 0 255 0 0 255 0 0 255 0 0 255 0 0 255 0 0 255 0 0 255 0 0 255 0 0 255 0 0 255 0 0 255 0 0 255 0 0 255 0 0 255 0 0 255 0 0 255 0 0 
255 255 255 255 255 255 255 255 255 255 255 255 255 255 255 255 255 255 255 255 255 255 255 255 255 255 255 255 255 255 255 255 255 255 255 255 255 255 255 255 255 255 255 255 255 255 255 255 255 255 255 255 255 255 255 255 255 255 255 255 255 255 255 255 255 255 255 255 255 255 255 255 255 255 255 128 128 8 128 128 8 0 255 0 128 128 8 255 255 0 255 255 0 255 255 0 255 255 0 255 255 0 255 255 0 255 255 0 255 255 0 255 255 0 255 255 0 255 255 0 255 255 0 255 255 0 255 255 0 128 128 8 255 0 0 255 0 0 255 0 0 255 0 0 255 0 0 255 0 0 255 0 0 255 0 0 255 0 0 255 0 0 255 0 0 255 0 0 255 0 0 255 0 0 255 0 0 255 0 0 255 0 0 255 0 0 255 0 0 255 0 0 
255 255 255 255 255 255 255 255 255 255 255 255 255 255 255 255 255 255 255 255 255 255 255 255 255 255 255 255 255 255 255 255 255 255 255 255 255 255 255 255 255 255 255 255 255 255 255 255 255 255 255 255 255 255 255 255 255 255 255 255 255 255 255 255 255 255 255 255 255 255 255 255 255 255 255 255 255 255 128 128 8 128 128 8 255 255 0 255 255 0 255 255 0 255 255 0 255 255 0 255 255 0 255 255 0 255 255 0 255 255 0 255 255 0 255 255 0 255 255 0 255 255 0 255 255 0 128 128 8 255 0 0 255 0 0 255 0 0 255 0 0 255 0 0 255 0 0 255 0 0 255 0 0 255 0 0 255 0 0 255 0 0 255 0 0 255 0 0 255 0 0 255 0 0 255 0 0 255 0 0 255 0 0 255 0 0 255 0 0 255 0 0 
255 255 255 255 255 255 255 255 255 255 255 255 255 255 255 255 255 255 255 255 255 255 255 255 255 255 255 255 255 255 255 255 255 255 255 255 255 255 255 255 255 255 255 255 255 255 255 255 255 255 255 255 255 255 255 255 255 255 255 255 255 255 255 255 255 255 255 255 255 255 255 255 255 255 255 255 255 255 255 255 255 128 128 8 255 255 0 255 255 0 255 255 0 255 255 0 255 255 0 255 255 0 255 255 0 255 255 0 255 255 0 255 255 0 255 255 0 255 255 0 255 255 0 128 128 8 128 128 8 128 128 8 255 0 0 255 0 0 255 0 0 255 0 0 255 0 0 255 0 0 255 0 0 255 0 0 255 0 0 255 0 0 255 0 0 255 0 0 255 0 0 255 0 0 255 0 0 255 0 0 255 0 0 255 0 0 255 0 0 255 0 0 
255 255 255 255 255 255 255 255 255 255 255 255 255 255 255 255 255 255 255 255 255 255 255 255 255 255 255 255 255 255 255 255 255 255 255 255 255 255 255 255 255 255 255 255 255 255 255 255 255 255 255 255 255 255 255 255 255 255 255 255 255 255 255 255 255 255 255 255 255 255 255 255 255 255 255 255 255 255 255 255 255 128 128 8 255 255 0 255 255 0 255 255 0 255 255 0 255 255 0 255 255 0 255 255 0 255 255 0 255 255 0 255 255 0 255 255 0 255 255 0 128 128 8 128 0 0 128 0 0 128 128 8 255 0 0 255 0 0 255 0 0 255 0 0 255 0 0 255 0 0 255 0 0 255 0 0 255 0 0 255 0 0 255 0 0 255 0 0 255 0 0 255 0 0 255 0 0 255 0 0 255 0 0 255 0 0 255 0 0 255 0 0 
255 255 255 255 255 255 255 255 255 255 255 255 255 255 255 255 255 255 255 255 255 255 255 255 255 255 255 255 255 255 255 255 255 255 255 255 255 255 255 255 255 255 255 255 255 255 255 255 255 255 255 255 255 255 255 255 255 255 255 255 255 255 255 255 255 255 255 255 255 255 255 255 255 255 255 255 255 255 128 128 8 255 255 0 255 255 0 255 255 0 255 255 0 255 255 0 255 255 0 255 255 0 255 255 0 255 255 0 255 255 0 255 255 0 255 255 0 128 128 8 128 0 0 128 0 0 128 0 0 128 128 8 255 0 0 255 0 0 255 0 0 255 0 0 255 0 0 255 0 0 255 0 0 255 0 0 255 0 0 255 0 0 255 0 0 255 0 0 255 0 0 255 0 0 255 0 0 255 0 0 255 0 0 255 0 0 255 0 0 255 0 0 
255 255 255 255 255 255 255 255 255 255 255 255 255 255 255 255 255 255 255 255 255 255 255 255 255 255 255 255 255 255 255 255 255 255 255 255 255 255 255 255 255 255 255 255 255 255 255 255 255 255 255 255 255 255 255 255 255 255 255 255 255 255 255 255 255 255 255 255 255 255 255 255 255 255 255 255 255 255 128 128 8 255 255 0 255 255 0 255 255 0 255 255 0 255 255 0 255 255 0 255 255 0 255 255 0 255 255 0 255 255 0 255 255 0 128 128 8 128 0 0 128 0 0 128 0 0 128 0 0 128 128 8 128 128 8 255 0 0 255 0 0 255 0 0 255 0 0 255 0 0 255 0 0 255 0 0 255 0 0 255 0 0 255 0 0 255 0 0 255 0 0 255 0 0 255 0 0 255 0 0 255 0 0 255 0 0 255 0 0 255 0 0 
255 255 255 255 255 255 255 255 255 255 255 255 255 255 255 255 255 255 255 255 255 255 255 255 255 255 255 255 255 255 255 255 255 255 255 255 255 255 255 255 255 255 255 255 255 255 255 255 255 255 255 255 255 255 255 255 255 255 255 255 255 255 255 255 255 255 255 255 255 255 255 255 255 255 255 128 128 8 255 255 0 255 255 0 255 255 0 255 255 0 255 255 0 255 255 0 255 255 0 255 255 0 255 255 0 255 255 0 255 255 0 128 128 8 128 0 0 128 0 0 128 0 0 128 0 0 128 0 0 128 0 0 128 128 8 255 0 0 255 0 0 255 0 0 255 0 0 255 0 0 255 0 0 255 0 0 255 0 0 255 0 0 255 0 0 255 0 0 255 0 0 255 0 0 255 0 0 255 0 0 255 0 0 255 0 0 255 0 0 255 0 0 
255 255 255 255 255 255 255 255 255 255 255 255 255 255 255 255 255 255 255 255 255 255 255 255 255 255 255 255 255 255 255 255 255 255 255 255 255 255 255 255 255 255 255 255 255 255 255 255 255 255 255 255 255 255 255 255 255 255 255 255 255 255 255 255 255 255 255 255 255 255 255 255 255 255 255 128 128 8 255 255 0 255 255 0 255 255 0 255 255 0 255 255 0 255 255 0 255 255 0 255 255 0 255 255 0 128 128 8 128 128 8 128 0 0 128 0 0 128 0 0 128 0 0 128 0 0 128 0 0 128 0 0 128 0 0 128 128 8 255 0 0 255 0 0 255 0 0 255 0 0 255 0 0 255 0 0 255 0 0 255 0 0 255 0 0 255 0 0 255 0 0 255 0 0 255 0 0 255 0 0 255 0 0 255 0 0 255 0 0 255 0 0 
255 255 255 255 255 255 255 255 255 255 255 255 255 255 255 255 255 255 255 255 255 255 255 255 255 255 255 255 255 255 255 255 255 255 255 255 255 255 255 255 255 255 255 255 255 255 255 255 255 255 255 255 255 255 255 255 255 255 255 255 255 255 255 255 255 255 255 255 255 255 255 255 128 128 8 128 128 8 255 255 0 255 255 0 255 255 0 255 255 0 255 255 0 255 255 0 255 255 0 255 255 0 255 255 0 128 128 8 128 0 0 128 0 0 128 0 0 128 0 0 128 0 0 128 0 0 128 0 0 128 0 0 128 0 0 128 128 8 128 128 8 255 0 0 255 0 0 255 0 0 255 0 0 255 0 0 255 0 0 255 0 0 255 0 0 255 0 0 255 0 0 255 0 0 255 0 0 255 0 0 255 0 0 255 0 0 255 0 0 255 0 0 
255 255 255 255 255 255 255 255 255 255 255 255 255 255 255 255 255 255 255 255 255 255 255 255 255 255 255 255 255 255 255 255 255 255 255 255 255 255 255 255 255 255 255 255 255 255 255 255 255 255 255 255 255 255 255 255 255 255 255 255 255 255 255 255 255 255 255 255 255 255 255 255 128 128 8 255 255 0 255 255 0 255 255 0 255 255 0 255 255 0 255 255 0 255 255 0 255 255 0 255 255 0 128 128 8 128 0 0 128 0 0 128 0 0 128 0 0 128 0 0 128 0 0 128 0 0 128 0 0 128 0 0 128 0 0 128 0 0 128 128 8 128 128 8 128 128 8 255 0 0 255 0 0 255 0 0 255 0 0 255 0 0 255 0 0 255 0 0 255 0 0 255 0 0 255 0 0 255 0 0 255 0 0 255 0 0 255 0 0 255 0 0 
255 255 255 255 255 255 255 255 255 255 255 255 255 255 255 255 255 255 255 255 255 255 255 255 255 255 255 255 255 255 255 255 255 255 255 255 255 255 255 255 255 255 255 255 255 255 255 255 255 255 255 255 255 255 255 255 255 255 255 255 255 255 255 255 255 255 255 255 255 128 128 8 255 255 0 255 255 0 255 255 0 255 255 0 255 255 0 255 255 0 255 255 0 255 255 0 255 255 0 128 128 8 128 128 8 128 0 0 128 0 0 128 0 0 128 0 0 128 0 0 128 0 0 128 0 0 128 0 0 128 0 0 128 0 0 128 0 0 128 0 0 128 0 0 128 128 8 128 128 8 128 128 8 128 128 8 128 128 8 128 128 8 255 0 0 255 0 0 255 0 0 255 0 0 255 0 0 255 0 0 255 0 0 255 0 0 255 0 0 255 0 0 
255 255 255 255 255 255 255 255 255 255 255 255 255 255 255 255 255 255 255 255 255 255 255 255 255 255 255 255 255 255 255 255 255 255 255 255 255 255 255 255 255 255 255 255 255 255 255 255 255 255 255 255 255 255 255 255 255 255 255 255 255 255 255 255 255 255 255 255 255 128 128 8 255 255 0 255 255 0 255 255 0 255 255 0 255 255 0 255 255 0 255 255 0 255 255 0 128 128 8 128 128 8 128 0 0 128 0 0 128 0 0 128 0 0 128 0 0 128 0 0 128 0 0 128 0 0 128 0 0 128 0 0 128 0 0 128 0 0 128 0 0 128 0 0 128 0 0 128 0 0 128 0 0 128 0 0 128 0 0 128 128 8 128 128 8 128 128 8 128 128 8 128 128 8 128 128 8 128 128 8 128 128 8 128 128 8 128 128 8 128 128 8 
255 255 255 255 255 255 255 255 255 255 255 255 255 255 255 255 255 255 255 255 255 255 255 255 255 255 255 255 255 255 255 255 255 255 255 255 255 255 255 255 255 255 255 255 255 255 255 255 255 255 255 255 255 255 255 255 255 255 255 255 255 255 255 255 255 255 128 128 8 128 128 8 255 255 0 255 255 0 255 255 0 255 255 0 255 255 0 255 255 0 255 255 0 128 128 8 128 128 8 128 0 0 128 0 0 128 0 0 128 0 0 128 0 0 128 0 0 128 0 0 128 0 0 128 0 0 128 0 0 128 0 0 128 0 0 128 0 0 128 0 0 128 0 0 128 0 0 128 0 0 128 0 0 128 0 0 128 0 0 128 0 0 128 0 0 128 0 0 128 0 0 128 0 0 128 0 0 128 0 0 128 0 0 128 0 0 128 0 0 128 0 0 
255 255 255 255 255 255 255 255 255 255 255 255 255 255 255 255 255 255 255 255 255 255 255 255 255 255 255 255 255 255 255 255 255 255 255 255 255 255 255 255 255 255 255 255 255 255 255 255 255 255 255 255 255 255 255 255 255 255 255 255 255 255 255 255 255 255 128 128 8 255 255 0 255 255 0 255 255 0 255 255 0 255 255 0 255 255 0 128 128 8 128 128 8 128 128 8 128 0 0 128 0 0 128 0 0 128 0 0 128 0 0 128 0 0 128 0 0 128 0 0 128 0 0 128 0 0 128 0 0 128 0 0 128 0 0 128 0 0 128 0 0 128 0 0 128 0 0 128 0 0 128 0 0 128 0 0 128 0 0 128 0 0 128 0 0 128 0 0 128 0 0 128 0 0 128 0 0 128 0 0 128 0 0 128 0 0 128 0 0 128 0 0 
255 255 255 255 255 255 255 255 255 255 255 255 255 255 255 255 255 255 255 255 255 255 255 255 255 255 255 255 255 255 255 255 255 255 255 255 255 255 255 255 255 255 255 255 255 255 255 255 255 255 255 255 255 255 255 255 255 255 255 255 255 255 255 255 255 255 128 128 8 255 255 0 255 255 0 255 255 0 255 255 0 255 255 0 255 255 0 128 128 8 128 0 0 128 0 0 128 0 0 128 0 0 128 0 0 128 0 0 128 0 0 128 0 0 128 0 0 128 0 0 128 0 0 128 0 0 128 0 0 128 0 0 128 0 0 128 0 0 128 0 0 128 0 0 128 0 0 128 0 0 128 0 0 128 0 0 128 0 0 128 0 0 128 0 0 128 0 0 128 0 0 128 0 0 128 0 0 128 0 0 128 0 0 128 0 0 128 0 0 128 0 0 
255 255 255 255 255 255 255 255 255 255 255 255 255 255 255 255 255 255 255 255 255 255 255 255 255 255 255 255 255 255 255 255 255 255 255 255 255 255 255 255 255 255 255 255 255 255 255 255 255 255 255 255 255 255 255 255 255 255 255 255 255 255 255 128 128 8 128 128 8 255 255 0 255 255 0 255 255 0 255 255 0 128 128 8 128 128 8 128 0 0 128 0 0 128 0 0 128 0 0 128 0 0 128 0 0 128 0 0 128 0 0 128 0 0 128 0 0 128 0 0 128 0 0 128 0 0 128 0 0 128 0 0 128 0 0 128 0 0 128 0 0 128 0 0 128 0 0 128 0 0 128 0 0 128 0 0 128 0 0 128 0 0 128 0 0 128 0 0 128 0 0 128 0 0 128 0 0 128 0 0 128 0 0 128 0 0 128 0 0 128 0 0 
255 255 255 255 255 255 255 255 255 255 255 255 255 255 255 255 255 255 255 255 255 255 255 255 255 255 255 255 255 255 255 255 255 255 255 255 255 255 255 255 255 255 255 255 255 255 255 255 255 255 255 255 255 255 255 255 255 255 255 255 255 255 255 128 128 8 255 255 0 255 255 0 255 255 0 255 255 0 128 128 8 128 0 0 128 0 0 128 0 0 128 0 0 128 0 0 128 0 0 128 0 0 128 0 0 128 0 0 128 0 0 128 0 0 128 0 0 128 0 0 128 0 0 128 0 0 128 0 0 128 0 0 128 0 0 128 0 0 128 0 0 128 0 0 128 0 0 128 0 0 128 0 0 128 0 0 128 0 0 128 0 0 128 0 0 128 0 0 128 0 0 128 0 0 128 0 0 128 0 0 128 0 0 128 0 0 128 0 0 128 0 0 
255 255 255 255 255 255 255 255 255 255 255 255 255 255 255 255 255 255 255 255 255 255 255 255 255 255 255 255 255 255 255 255 255 255 255 255 255 255 255 255 255 255 255 255 255 255 255 255 255 255 255 255 255 255 255 255 255 255 255 255 255 255 255 128 128 8 255 255 0 128 128 8 128 128 8 128 128 8 128 0 0 128 0 0 128 0 0 128 0 0 128 0 0 128 0 0 128 0 0 128 0 0 128 0 0 128 0 0 128 0 0 128 0 0 128 0 0 128 0 0 128 0 0 128 0 0 128 0 0 128 0 0 128 0 0 128 0 0 128 0 0 128 0 0 128 0 0 128 0 0 128 0 0 128 0 0 128 0 0 128 0 0 128 0 0 128 0 0 128 0 0 128 0 0 128 0 0 128 0 0 128 0 0 128 0 0 128 0 0 128 0 0 
255 255 255 255 255 255 255 255 255 255 255 255 255 255 255 255 255 255 255 255 255 255 255 255 255 255 255 255 255 255 255 255 255 255 255 255 255 255 255 255 255 255 255 255 255 255 255 255 255 255 255 255 255 255 255 255 255 255 255 255 128 128 8 128 128 8 128 128 8 128 128 8 128 0 0 128 0 0 128 0 0 128 0 0 128 0 0 128 0 0 128 0 0 128 0 0 128 0 0 128 0 0 128 0 0 128 0 0 128 0 0 128 0 0 128 0 0 128 0 0 128 0 0 128 0 0 128 0 0 128 0 0 128 0 0 128 0 0 128 0 0 128 0 0 128 0 0 128 0 0 128 0 0 128 0 0 128 0 0 128 0 0 128 0 0 128 0 0 128 0 0 128 0 0 128 0 0 128 0 0 128 0 0 128 0 0 128 0 0 128 0 0 
255 255 255 255 255 255 255 255 255 255 255 255 255 255 255 255 255 255 255 255 255 255 255 255 255 255 255 255 255 255 255 255 255 255 255 255 255 255 255 255 255 255 255 255 255 255 255 255 255 255 255 255 255 255 255 255 255 255 255 255 255 255 255 128 128 8 128 0 0 128 0 0 128 0 0 128 0 0 128 0 0 128 0 0 128 0 0 128 0 0 128 0 0 128 0 0 128 0 0 128 0 0 128 0 0 128 0 0 128 0 0 128 0 0 128 0 0 128 0 0 128 0 0 128 0 0 128 0 0 128 0 0 128 0 0 128 0 0 128 0 0 128 0 0 128 0 0 128 0 0 128 0 0 128 0 0 128 0 0 128 0 0 128 0 0 128 0 0 128 0 0 128 0 0 128 0 0 128 0 0 128 0 0 128 0 0 128 0 0 128 0 0 
255 255 255 255 255 255 255 255 255 255 255 255 255 255 255 255 255 255 255 255 255 255 255 255 255 255 255 255 255 255 255 255 255 255 255 255 255 255 255 255 255 255 255 255 255 255 255 255 255 255 255 255 255 255 255 255 255 255 255 255 128 128 8 128 0 0 128 0 0 128 0 0 128 0 0 128 0 0 128 0 0 128 0 0 128 0 0 128 0 0 128 0 0 128 0 0 128 0 0 128 0 0 128 0 0 128 0 0 128 0 0 128 0 0 128 0 0 128 0 0 128 0 0 128 0 0 128 0 0 128 0 0 128 0 0 128 0 0 128 0 0 128 0 0 128 0 0 128 0 0 128 0 0 128 0 0 128 0 0 128 0 0 128 0 0 128 0 0 128 0 0 128 0 0 128 0 0 128 0 0 128 0 0 128 0 0 128 0 0 128 0 0 
255 255 255 255 255 255 255 255 255 255 255 255 255 255 255 255 255 255 255 255 255 255 255 255 255 255 255 255 255 255 255 255 255 255 255 255 255 255 255 255 255 255 255 255 255 255 255 255 255 255 255 255 255 255 255 255 255 128 128 8 128 128 8 128 0 0 128 0 0 128 0 0 128 0 0 128 0 0 128 0 0 128 0 0 128 0 0 128 0 0 128 0 0 128 0 0 128 0 0 128 0 0 128 0 0 128 0 0 128 0 0 128 0 0 128 0 0 128 0 0 128 0 0 128 0 0 128 0 0 128 0 0 128 0 0 128 0 0 128 0 0 128 0 0 128 0 0 128 0 0 128 0 0 128 0 0 128 0 0 128 0 0 128 0 0 128 0 0 128 0 0 128 0 0 128 0 0 128 0 0 128 0 0 128 0 0 128 0 0 128 0 0 
255 255 255 255 255 255 255 255 255 255 255 255 255 255 255 255 255 255 255 255 255 255 255 255 255 255 255 255 255 255 255 255 255 255 255 255 255 255 255 255 255 255 255 255 255 255 255 255 255 255 255 255 255 255 255 255 255 128 128 8 128 0 0 128 0 0 128 0 0 128 0 0 128 0 0 128 0 0 128 0 0 128 0 0 128 0 0 128 0 0 128 0 0 128 0 0 128 0 0 128 0 0 128 0 0 128 0 0 128 0 0 128 0 0 128 0 0 128 0 0 128 0 0 128 0 0 128 0 0 128 0 0 128 0 0 128 0 0 128 0 0 128 0 0 128 0 0 128 0 0 128 0 0 128 0 0 128 0 0 128 0 0 128 0 0 128 0 0 128 0 0 128 0 0 128 0 0 128 0 0 128 0 0 128 0 0 128 0 0 128 0 0 
255 255 255 255 255 255 255 255 255 255 255 255 255 255 255 255 255 255 255 255 255 255 255 255 255 255 255 255 255 255 255 255 255 255 255 255 255 255 255 255 255 255 255 255 255 255 255 255 255 255 255 255 255 255 255 255 255 128 128 8 128 0 0 128 0 0 128 0 0 128 0 0 128 0 0 128 0 0 128 0 0 128 0 0 128 0 0 128 0 0 128 0 0 128 0 0 128 0 0 128 0 0 128 0 0 128 0 0 128 0 0 128 0 0 128 0 0 128 0 0 128 0 0 128 0 0 128 0 0 128 0 0 128 0 0 128 0 0 128 0 0 128 0 0 128 0 0 128 0 0 128 0 0 128 0 0 128 0 0 128 0 0 128 0 0 128 0 0 128 0 0 128 0 0 128 0 0 128 0 0 128 0 0 128 0 0 128 0 0 128 0 0 
255 255 255 255 255 255 255 255 255 255 255 255 255 255 255 255 255 255 255 255 255 255 255 255 255 255 255 255 255 255 255 255 255 255 255 255 255 255 255 255 255 255 255 255 255 255 255 255 255 255 255 255 255 255 128 128 8 128 0 0 128 0 0 128 0 0 128 0 0 128 0 0 128 0 0 128 0 0 128 0 0 128 0 0 128 0 0 128 0 0 128 0 0 128 0 0 128 0 0 128 0 0 128 0 0 128 0 0 128 0 0 128 0 0 128 0 0 128 0 0 128 0 0 128 0 0 128 0 0 128 0 0 128 0 0 128 0 0 128 0 0 128 0 0 128 0 0 128 0 0 128 0 0 128 0 0 128 0 0 128 0 0 128 0 0 128 0 0 128 0 0 128 0 0 128 0 0 128 0 0 128 0 0 128 0 0 128 0 0 128 0 0 
255 255 255 255 255 255 255 255 255 255 255 255 255 255 255 255 255 255 255 255 255 255 255 255 255 255 255 255 255 255 255 255 255 255 255 255 255 255 255 255 255 255 255 255 255 255 255 255 255 255 255 128 128 8 128 128 8 128 0 0 128 0 0 128 0 0 128 0 0 128 0 0 128 0 0 128 0 0 128 0 0 128 0 0 128 0 0 128 0 0 128 0 0 128 0 0 128 0 0 128 0 0 128 0 0 128 0 0 128 0 0 128 0 0 128 0 0 128 0 0 128 0 0 128 0 0 128 0 0 128 0 0 128 0 0 128 0 0 128 0 0 128 0 0 128 0 0 128 0 0 128 0 0 128 0 0 128 0 0 128 0 0 128 0 0 128 0 0 128 0 0 128 0 0 128 0 0 128 0 0 128 0 0 128 0 0 128 0 0 128 0 0 
255 255 255 255 255 255 255 255 255 255 255 255 255 255 255 255 255 255 255 255 255 255 255 255 255 255 255 255 255 255 255 255 255 255 255 255 255 255 255 255 255 255 255 255 255 255 255 255 255 255 255 128 128 8 128 0 0 128 0 0 128 0 0 128 0 0 128 0 0 128 0 0 128 0 0 128 0 0 128 0 0 128 0 0 128 0 0 128 0 0 128 0 0 128 0 0 128 0 0 128 0 0 128 0 0 128 0 0 128 0 0 128 0 0 128 0 0 128 0 0 128 0 0 128 0 0 128 0 0 128 0 0 128 0 0 128 0 0 128 0 0 128 0 0 128 0 0 128 0 0 128 0 0 128 0 0 128 0 0 128 0 0 128 0 0 128 0 0 128 0 0 128 0 0 128 0 0 128 0 0 128 0 0 128 0 0 128 0 0 128 0 0 
255 255 255 255 255 255 255 255 255 255 255 255 255 255 255 255 255 255 255 255 255 255 255 255 255 255 255 255 255 255 255 255 255 255 255 255 255 255 255 255 255 255 255 255 255 255 255 255 128 128 8 128 128 8 128 0 0 128 0 0 128 0 0 128 0 0 128 0 0 128 0 0 128 0 0 128 0 0 128 0 0 128 0 0 128 0 0 128 0 0 128 0 0 128 0 0 128 0 0 128 0 0 128 0 0 128 0 0 128 0 0 128 0 0 128 0 0 128 0 0 128 0 0 128 0 0 128 0 0 128 0 0 128 0 0 128 0 0 128 0 0 128 0 0 128 0 0 128 0 0 128 0 0 128 0 0 128 0 0 128 0 0 128 0 0 128 0 0 128 0 0 128 0 0 128 0 0 128 0 0 128 0 0 128 0 0 128 0 0 128 0 0 
255 255 255 255 255 255 255 255 255 255 255 255 255 255 255 255 255 255 255 255 255 255 255 255 255 255 255 255 255 255 255 255 255 255 255 255 255 255 255 255 255 255 255 255 255 255 255 255 128 128 8 128 0 0 128 0 0 128 0 0 128 0 0 128 0 0 128 0 0 128 0 0 128 0 0 128 0 0 128 0 0 128 0 0 128 0 0 128 0 0 128 0 0 128 0 0 128 0 0 128 0 0 128 0 0 128 0 0 128 0 0 128 0 0 128 0 0 128 0 0 128 0 0 128 0 0 128 0 0 128 0 0 128 0 0 128 0 0 128 0 0 128 0 0 128 0 0 128 0 0 128 0 0 128 0 0 128 0 0 128 0 0 128 0 0 128 0 0 128 0 0 128 0 0 128 0 0 128 0 0 128 0 0 128 0 0 128 0 0 128 0 0 
